2926.868408 708.330139 -381.971985
2837.660889 894.200562 -325.460968
3076.744629 1015.397400 -330.797455
3172.239990 850.000000 -381.971985
2778.975830 1010.030640 -185.476791
3006.837402 1136.476685 -190.985992
2758.113037 1050.238525 0.000000
2981.249512 1180.794800 0.000000
2778.975830 1010.030640 185.476791
3006.837402 1136.476685 190.985992
2837.660889 894.200562 325.460968
3076.744629 1015.397400 330.797455
2926.868408 708.330139 381.971985
3172.239990 850.000000 381.971985
3066.487549 552.042480 325.460968
3267.735352 684.602600 330.797455
3150.138916 451.813416 185.476791
3337.642578 563.523254 190.985992
3178.536865 416.502228 -0.000000
3363.230469 519.205200 -0.000000
3150.138916 451.813416 -185.476791
3337.642578 563.523254 -190.985992
3066.487549 552.042480 -325.460968
3267.735352 684.602600 -330.797455
2926.868408 708.330139 -381.971985
3172.239990 850.000000 -381.971985
2681.494141 566.665222 -381.971985
2600.197998 764.246826 -322.793274
2549.630127 882.793091 -182.406815
2532.256592 922.649719 0.000000
2549.630127 882.793091 182.406815
2600.197998 764.246826 322.793274
2681.494141 566.665222 381.971985
2874.620361 437.013214 322.793274
2988.465820 359.061432 182.406815
3026.089600 332.632507 -0.000000
2988.465820 359.061432 -182.406815
2874.620361 437.013214 -322.793274
2681.494141 566.665222 -381.971985
2436.119629 425.000458 -381.971985
2363.182861 630.563660 -321.932465
2318.184326 754.253540 -181.322937
2302.886475 795.641663 0.000000
2318.184326 754.253540 181.322937
2363.182861 630.563660 321.932465
2436.119629 425.000458 381.971985
2688.025879 332.054901 321.932465
2835.516602 277.294159 181.322937
2883.811768 258.883453 0.000000
2835.516602 277.294159 -181.322937
2688.025879 332.054901 -321.932465
2436.119629 425.000458 -381.971985
2190.747559 283.331818 -381.971985
2124.623291 498.327393 -321.711853
2082.792236 629.632690 -181.018387
2068.505127 673.706665 0.000000
2082.792236 629.632690 181.018387
2124.623291 498.327393 321.711853
2190.747559 283.331818 381.971985
2507.892334 233.665207 321.711853
2686.870850 200.233551 181.018387
2744.924072 188.306961 0.000000
2686.870850 200.233551 -181.018387
2507.892334 233.665207 -321.711853
2190.747559 283.331818 -381.971985
1945.374268 141.665085 -381.971985
1881.005371 375.628662 -321.666077
1839.567139 518.724915 -180.947571
1825.521851 566.424683 0.000000
1839.567139 518.724915 180.947571
1881.005371 375.628662 321.666077
1945.374268 141.665085 381.971985
2328.377686 132.833939 321.666077
2541.355713 113.937202 180.947571
2611.297363 106.287766 0.000000
2541.355713 113.937202 -180.947571
2328.377686 132.833939 -321.666077
1945.374268 141.665085 -381.971985
1700.000000 0.000000 -381.971985
1624.972290 281.075134 -321.659576
1584.175903 434.773254 -180.936035
1571.013306 484.503906 0.000000
1584.175903 434.773254 180.936035
1624.972290 281.075134 321.659576
1700.000000 0.000000 381.971985
2152.906982 -1.184687 321.659576
2434.409424 -2.698740 180.936035
2526.585693 -3.321305 0.000000
2434.409424 -2.698740 -180.936035
2152.906982 -1.184687 -321.659576
1700.000000 0.000000 -381.971985
