4 0 1 2 3
4 1 4 5 2
4 4 6 7 5
4 6 8 9 7
4 8 10 11 9
4 10 12 13 11
4 12 14 15 13
4 14 16 17 15
4 16 18 19 17
4 18 20 21 19
4 20 22 23 21
4 22 24 25 23
4 26 27 1 0
4 27 28 4 1
4 28 29 6 4
4 29 30 8 6
4 30 31 10 8
4 31 32 12 10
4 32 33 14 12
4 33 34 16 14
4 34 35 18 16
4 35 36 20 18
4 36 37 22 20
4 37 38 24 22
4 39 40 27 26
4 40 41 28 27
4 41 42 29 28
4 42 43 30 29
4 43 44 31 30
4 44 45 32 31
4 45 46 33 32
4 46 47 34 33
4 47 48 35 34
4 48 49 36 35
4 49 50 37 36
4 50 51 38 37
4 52 53 40 39
4 53 54 41 40
4 54 55 42 41
4 55 56 43 42
4 56 57 44 43
4 57 58 45 44
4 58 59 46 45
4 59 60 47 46
4 60 61 48 47
4 61 62 49 48
4 62 63 50 49
4 63 64 51 50
4 65 66 53 52
4 66 67 54 53
4 67 68 55 54
4 68 69 56 55
4 69 70 57 56
4 70 71 58 57
4 71 72 59 58
4 72 73 60 59
4 73 74 61 60
4 74 75 62 61
4 75 76 63 62
4 76 77 64 63
4 78 79 66 65
4 79 80 67 66
4 80 81 68 67
4 81 82 69 68
4 82 83 70 69
4 83 84 71 70
4 84 85 72 71
4 85 86 73 72
4 86 87 74 73
4 87 88 75 74
4 88 89 76 75
4 89 90 77 76
