1416.666626 0.000000 -381.971985
1356.365356 234.825638 -321.666077
1624.972290 281.075134 -321.659576
1700.000000 0.000000 -381.971985
1321.667358 379.518921 -180.947571
1584.175903 434.773254 -180.936035
1310.351929 427.874756 0.000000
1571.013306 484.503906 0.000000
1321.667358 379.518921 180.947571
1584.175903 434.773254 180.936035
1356.365356 234.825638 321.666077
1624.972290 281.075134 321.659576
1416.666626 0.000000 381.971985
1700.000000 0.000000 381.971985
1355.430176 -234.802399 321.666077
1624.438721 -280.932068 321.659576
1319.768799 -379.446167 180.947571
1582.920410 -434.436615 180.936035
1308.082642 -427.777985 0.000000
1569.454102 -484.085846 0.000000
1319.768799 -379.446167 -180.947571
1582.920410 -434.436615 -180.936035
1355.430176 -234.802399 -321.666077
1624.438721 -280.932068 -321.659576
1416.666626 0.000000 -381.971985
1700.000000 0.000000 -381.971985
1133.333374 0.000000 -381.971985
1085.303589 219.215683 -321.711853
1057.202026 353.819519 -181.018387
1047.970337 399.125580 0.000000
1057.202026 353.819519 181.018387
1085.303589 219.215683 321.711853
1133.333374 0.000000 381.971985
1083.100830 -219.253326 321.711853
1053.675293 -353.882507 181.018387
1044.011230 -399.195129 0.000000
1053.675293 -353.882507 -181.018387
1083.100830 -219.253326 -321.711853
1133.333374 0.000000 -381.971985
850.000000 0.000000 -381.971985
813.939087 214.382126 -321.932465
792.642517 343.941559 -181.322937
785.621948 387.417480 0.000000
792.642517 343.941559 181.322937
813.939087 214.382126 321.932465
850.000000 0.000000 381.971985
810.384094 -214.492249 321.932465
787.508850 -344.110809 181.322937
780.062927 -387.603088 0.000000
787.508850 -344.110809 -181.322937
810.384094 -214.492249 -321.932465
850.000000 0.000000 -381.971985
566.666687 0.000000 -381.971985
542.512451 211.567566 -322.793274
528.273010 339.465515 -182.406815
523.607910 382.662689 -0.000000
528.273010 339.465515 182.406815
542.512451 211.567566 322.793274
566.666687 0.000000 381.971985
538.280334 -211.758957 322.793274
522.799438 -339.707092 182.406815
517.916687 -382.910736 0.000000
522.799438 -339.707092 -182.406815
538.280334 -211.758957 -322.793274
566.666687 0.000000 -381.971985
283.333344 0.000000 -381.971985
270.909149 205.373077 -325.460968
264.020233 335.033081 -185.476791
261.866486 380.299530 0.000000
264.020233 335.033081 185.476791
270.909149 205.373077 325.460968
283.333344 0.000000 381.971985
267.652191 -205.571442 325.460968
260.558655 -335.225342 185.476791
258.521912 -380.477692 0.000000
260.558655 -335.225342 -185.476791
267.652191 -205.571442 -325.460968
283.333344 0.000000 -381.971985
0.000000 0.000000 -381.971985
0.000000 190.985992 -330.797455
0.000000 330.797455 -190.985992
0.000000 381.971985 -0.000000
0.000000 330.797455 190.985992
0.000000 190.985992 330.797455
0.000000 0.000000 381.971985
0.000000 -190.985992 330.797455
0.000000 -330.797455 190.985992
0.000000 -381.971985 0.000000
0.000000 -330.797455 -190.985992
0.000000 -190.985992 -330.797455
0.000000 0.000000 -381.971985
