2926.868408 -708.330139 -381.971985
3079.467041 -559.976746 -325.460968
3267.735352 -684.602600 -330.797455
3172.239990 -850.000000 -381.971985
3164.637939 -460.672272 -185.476791
3337.642578 -563.523254 -190.985992
3192.858643 -425.247101 0.000000
3363.230469 -519.205200 0.000000
3164.637939 -460.672272 185.476791
3337.642578 -563.523254 190.985992
3079.467041 -559.976746 325.460968
3267.735352 -684.602600 330.797455
2926.868408 -708.330139 381.971985
3172.239990 -850.000000 381.971985
2834.940186 -892.400574 325.460968
3076.744629 -1015.397400 330.797455
2776.074463 -1008.133484 185.476791
3006.837402 -1136.476685 190.985992
2755.305664 -1048.412109 -0.000000
2981.249512 -1180.794800 -0.000000
2776.074463 -1008.133484 -185.476791
3006.837402 -1136.476685 -190.985992
2834.940186 -892.400574 -325.460968
3076.744629 -1015.397400 -330.797455
2926.868408 -708.330139 -381.971985
3172.239990 -850.000000 -381.971985
2681.494141 -566.665222 -381.971985
2893.523926 -448.650574 -322.793274
3013.697510 -374.491028 -182.406815
3052.642334 -348.836548 0.000000
3013.697510 -374.491028 182.406815
2893.523926 -448.650574 322.793274
2681.494141 -566.665222 381.971985
2596.628174 -761.964783 322.793274
2545.010010 -879.846741 182.406815
2527.451172 -919.588867 0.000000
2545.010010 -879.846741 -182.406815
2596.628174 -761.964783 -322.793274
2681.494141 -566.665222 -381.971985
2436.119629 -425.000458 -381.971985
2706.813721 -343.410126 -321.932465
2862.322266 -293.550446 -181.322937
2912.738770 -276.452454 0.000000
2862.322266 -293.550446 181.322937
2706.813721 -343.410126 321.932465
2436.119629 -425.000458 381.971985
2360.157715 -628.690063 321.932465
2313.821289 -751.539307 181.322937
2298.163330 -792.700500 0.000000
2313.821289 -751.539307 -181.322937
2360.157715 -628.690063 -321.932465
2436.119629 -425.000458 -381.971985
2190.747559 -283.331818 -381.971985
2521.746582 -242.048660 -321.711853
2707.338135 -212.916885 -181.018387
2767.343506 -202.330856 0.000000
2707.338135 -212.916885 181.018387
2521.746582 -242.048660 321.711853
2190.747559 -283.331818 381.971985
2122.733887 -497.192902 321.711853
2079.768555 -627.813965 181.018387
2065.110352 -671.666016 0.000000
2079.768555 -627.813965 -181.018387
2122.733887 -497.192902 -321.711853
2190.747559 -283.331818 -381.971985
1945.374268 -141.665085 -381.971985
2333.621582 -136.614166 -321.666077
2550.804443 -121.358116 -180.947571
2622.168945 -115.074699 0.000000
2550.804443 -121.358116 180.947571
2333.621582 -136.614166 321.666077
1945.374268 -141.665085 381.971985
1880.183838 -375.180847 321.666077
1837.886230 -517.838013 180.947571
1823.507690 -565.373169 0.000000
1837.886230 -517.838013 -180.947571
1880.183838 -375.180847 -321.666077
1945.374268 -141.665085 -381.971985
1700.000000 0.000000 -381.971985
2152.906982 -1.184687 -321.659576
2434.409424 -2.698740 -180.936035
2526.585693 -3.321305 0.000000
2434.409424 -2.698740 180.936035
2152.906982 -1.184687 321.659576
1700.000000 0.000000 381.971985
1624.438721 -280.932068 321.659576
1582.920410 -434.436615 180.936035
1569.454102 -484.085846 0.000000
1582.920410 -434.436615 -180.936035
1624.438721 -280.932068 -321.659576
1700.000000 0.000000 -381.971985
